результат = тензор изображения круга (RGB)
Размер: 256x256, радиус: 80, цвет: (1.0, 0.0, 0.0)
Пример значений центрального фрагмента:
[[[1. 0. 0.]
  [1. 0. 0.]
  [1. 0. 0.]
  [1. 0. 0.]
  [1. 0. 0.]
  [1. 0. 0.]
  [1. 0. 0.]]

 [[1. 0. 0.]
  [1. 0. 0.]
  [1. 0. 0.]
  [1. 0. 0.]
  [1. 0. 0.]
  [1. 0. 0.]
  [1. 0. 0.]]

 [[1. 0. 0.]
  [1. 0. 0.]
  [1. 0. 0.]
  [1. 0. 0.]
  [1. 0. 0.]
  [1. 0. 0.]
  [1. 0. 0.]]

 [[1. 0. 0.]
  [1. 0. 0.]
  [1. 0. 0.]
  [1. 0. 0.]
  [1. 0. 0.]
  [1. 0. 0.]
  [1. 0. 0.]]

 [[1. 0. 0.]
  [1. 0. 0.]
  [1. 0. 0.]
  [1. 0. 0.]
  [1. 0. 0.]
  [1. 0. 0.]
  [1. 0. 0.]]

 [[1. 0. 0.]
  [1. 0. 0.]
  [1. 0. 0.]
  [1. 0. 0.]
  [1. 0. 0.]
  [1. 0. 0.]
  [1. 0. 0.]]

 [[1. 0. 0.]
  [1. 0. 0.]
  [1. 0. 0.]
  [1. 0. 0.]
  [1. 0. 0.]
  [1. 0. 0.]
  [1. 0. 0.]]]